"question","pred","truth"
"What is the base-10 logarithm of the atomic oxygen erosion yield of the polymer Polyvinyl alcohol (MonoSol M1000) represented by SMILES [*]CC([*])O, with no coating, flown on the MISSE 12 mission oriented in the ram direction for a mission time of 0.89 years, subjected to a solar exposure of 1424 equivalent sun hours and an atomic oxygen fluence of 2.970e+20 atom/cm^2?","0.479","0.644"
"What is the base-10 logarithm of the atomic oxygen erosion yield of the polymer Polyphenylsulfone (Radel 5500) represented by SMILES [*]c1ccc(Oc2ccc(-c3ccc(Oc4ccc(S([*])(=O)=O)cc4)cc3)cc2)cc1, with no coating, flown on the MISSE 13 mission oriented in the wake direction for a mission time of 0.44 years, subjected to a solar exposure of 587 equivalent sun hours and an atomic oxygen fluence of 2.650e+18 atom/cm^2?","0.62","0.818"
"What is the base-10 logarithm of the atomic oxygen erosion yield of the polymer Polyphenylsulfone (Radel 5500) with hexagonal boron nitride platelets represented by SMILES [*]c1ccc(Oc2ccc(-c3ccc(Oc4ccc(S([*])(=O)=O)cc4)cc3)cc2)cc1, with no coating, flown on the MISSE 13 mission oriented in the wake direction for a mission time of 0.44 years, subjected to a solar exposure of 587 equivalent sun hours and an atomic oxygen fluence of 2.650e+18 atom/cm^2?","1.11","0.923"
"What is the base-10 logarithm of the atomic oxygen erosion yield of the polymer Amorphous fluoropolymer [Teflon AF 1601] represented by SMILES [*]C(F)(F)C(F)(F)C(F)(F)C(F)(F)C1(F)OC(C(F)(F)F)(C(F)(F)F)OC1(F)C1(F)OC(C(F)(F)F)(C(F)(F)F)OC1(F)C1(F)OC(C(F)(F)F)(C(F)(F)F)OC1([*])F, with no coating, flown on the MISSE 2 mission oriented in the ram direction for a mission time of 4.0 years, subjected to a solar exposure of 6300 equivalent sun hours and an atomic oxygen fluence of 8.430e+21 atom/cm^2?","-0.176","-0.703"
"What is the base-10 logarithm of the atomic oxygen erosion yield of the polymer Perfluoroalkoxy copolymer resin [Teflon PFA 200 CLP] represented by SMILES [*]C(OC(F)(F)C(F)(F)C(F)(F)F)C(F)(F)C(F)(F)C([*])(F)F, with no coating, flown on the MISSE 2 mission oriented in the ram direction for a mission time of 4.0 years, subjected to a solar exposure of 6300 equivalent sun hours and an atomic oxygen fluence of 8.430e+21 atom/cm^2?","-0.876","-0.762"
"What is the base-10 logarithm of the atomic oxygen erosion yield of the polymer Acrylonitrile butadiene styrene [CycolacTM, Absylux] represented by SMILES [*]C=C(/C=C(\\CC(C#N)C(=C)C([*])=C)c1ccccc1)c1ccccc1, with no coating, flown on the MISSE 2 mission oriented in the ram direction for a mission time of 4.0 years, subjected to a solar exposure of 6300 equivalent sun hours and an atomic oxygen fluence of 8.430e+21 atom/cm^2?","0.332","0.037"
"What is the base-10 logarithm of the atomic oxygen erosion yield of the polymer Poly(p-phenylene-2,6-benzobis-oxazole) [Zylon, balanced biaxial] represented by SMILES [*]c1ccc(-c2nc3cc4nc([*])oc4cc3o2)cc1, with no coating, flown on the MISSE 2 mission oriented in the ram direction for a mission time of 4.0 years, subjected to a solar exposure of 6300 equivalent sun hours and an atomic oxygen fluence of 8.430e+21 atom/cm^2?","0.365","0.134"
"What is the base-10 logarithm of the atomic oxygen erosion yield of the polymer Polycarbonate [PEEREX 61] represented by SMILES [*]c1ccc(OC(=O)Oc2ccc(C([*])(C)C)cc2)cc1, with no coating, flown on the MISSE 2 mission oriented in the ram direction for a mission time of 4.0 years, subjected to a solar exposure of 6300 equivalent sun hours and an atomic oxygen fluence of 8.430e+21 atom/cm^2?","0.291","0.632"
"What is the base-10 logarithm of the atomic oxygen erosion yield of the polymer Polyacrylonitrile [Barex 210] represented by SMILES [*]CC([*])C#N, with no coating, flown on the MISSE 2 mission oriented in the ram direction for a mission time of 4.0 years, subjected to a solar exposure of 6300 equivalent sun hours and an atomic oxygen fluence of 8.430e+21 atom/cm^2?","0.362","0.149"
"What is the base-10 logarithm of the atomic oxygen erosion yield of the polymer Polyamide 66 [Nylon 66] represented by SMILES [*]CCCCC(=O)NCCCCCCNC([*])=O, with no coating, flown on the MISSE 2 mission oriented in the ram direction for a mission time of 4.0 years, subjected to a solar exposure of 6300 equivalent sun hours and an atomic oxygen fluence of 8.430e+21 atom/cm^2?","0.314","0.255"
"What is the base-10 logarithm of the atomic oxygen erosion yield of the polymer Polyamide 6 [Nylon 6] represented by SMILES [*]CCCCCNC([*])=O, with no coating, flown on the MISSE 2 mission oriented in the ram direction for a mission time of 4.0 years, subjected to a solar exposure of 6300 equivalent sun hours and an atomic oxygen fluence of 8.430e+21 atom/cm^2?","0.477","0.545"
"What is the base-10 logarithm of the atomic oxygen erosion yield of the polymer Polyoxymethylene; acetal; polyformaldehyde [Delrin acetal] represented by SMILES [*]CO[*], with no coating, flown on the MISSE 2 mission oriented in the ram direction for a mission time of 4.0 years, subjected to a solar exposure of 6300 equivalent sun hours and an atomic oxygen fluence of 8.430e+21 atom/cm^2?","0.641","0.961"
"What is the base-10 logarithm of the atomic oxygen erosion yield of the polymer Polyethylene oxide [Alkox E-30 powder] represented by SMILES [*]COC[*], with no coating, flown on the MISSE 2 mission oriented in the ram direction for a mission time of 4.0 years, subjected to a solar exposure of 6300 equivalent sun hours and an atomic oxygen fluence of 8.430e+21 atom/cm^2?","0.477","0.286"
"What is the base-10 logarithm of the atomic oxygen erosion yield of the polymer Polyurethane [Dureflex PS8010] represented by SMILES [*]Nc1ccc(Cc2ccc(NC(=O)OCCOC([*])=O)cc2)cc1, with no coating, flown on the MISSE 2 mission oriented in the ram direction for a mission time of 4.0 years, subjected to a solar exposure of 6300 equivalent sun hours and an atomic oxygen fluence of 8.430e+21 atom/cm^2?","0.477","0.193"
"What is the base-10 logarithm of the atomic oxygen erosion yield of the polymer Cellulose acetate [Clarifoil, TeniteTM Acetate; Dexel] represented by SMILES [*]OC1C(COC(C)=O)OC([*])C(OC(C)=O)C1OC(C)=O, with no coating, flown on the MISSE 2 mission oriented in the ram direction for a mission time of 4.0 years, subjected to a solar exposure of 6300 equivalent sun hours and an atomic oxygen fluence of 8.430e+21 atom/cm^2?","0.477","0.703"
"What is the base-10 logarithm of the atomic oxygen erosion yield of the polymer Polybutylene terephthalate [VALOX 357] represented by SMILES [*]OCCCCOC(=O)c1ccc(C([*])=O)cc1, with no coating, flown on the MISSE 2 mission oriented in the ram direction for a mission time of 4.0 years, subjected to a solar exposure of 6300 equivalent sun hours and an atomic oxygen fluence of 8.430e+21 atom/cm^2?","0.451","-0.04"
"What is the base-10 logarithm of the atomic oxygen erosion yield of the polymer Polyphenylene isophthalate [Nomex Crepe Paper T-410] represented by SMILES [*]OCCOC(=O)c1cccc(C([*])=O)c1, with no coating, flown on the MISSE 2 mission oriented in the ram direction for a mission time of 4.0 years, subjected to a solar exposure of 6300 equivalent sun hours and an atomic oxygen fluence of 8.430e+21 atom/cm^2?","0.477","0.149"
"What is the base-10 logarithm of the atomic oxygen erosion yield of the polymer Polyetherimide [UltemTM 1000] represented by SMILES [*]c1ccc(Oc2ccc3c(c2)C(=O)N(c2cccc(N4C(=O)c5ccc(Oc6ccc(C([*])(C)C)cc6)cc5C4=O)c2)C3=O)cc1, with no coating, flown on the MISSE 6 mission oriented in the ram direction for a mission time of 1.5 years, subjected to a solar exposure of 2600 equivalent sun hours and an atomic oxygen fluence of 1.970e+21 atom/cm^2?","0.477","0.528"
"What is the base-10 logarithm of the atomic oxygen erosion yield of the polymer Copolymer of polytetrafluoroethylene, perfluoropropyl vinyl ether, and perfluoromethyl vinyl ether [Hyflon MFA 620] represented by SMILES [*]C(F)(F)C(F)(F)C(F)(F)C(F)(OC(F)(F)C(F)(F)C(F)(F)F)C(F)(F)C([*])(F)OC(F)(F)F, with no coating, flown on the MISSE 7 mission oriented in the ram direction for a mission time of 1.5 years, subjected to a solar exposure of 2400 equivalent sun hours and an atomic oxygen fluence of 4.220e+21 atom/cm^2?","-0.876","-0.971"
"What is the base-10 logarithm of the atomic oxygen erosion yield of the polymer Polyethersulfone represented by SMILES [*]c1ccc(Oc2ccc(S([*])(=O)=O)cc2)cc1, with no coating, flown on the MISSE 7 mission oriented in the ram direction for a mission time of 1.5 years, subjected to a solar exposure of 2400 equivalent sun hours and an atomic oxygen fluence of 4.220e+21 atom/cm^2?","0.341","0.446"
"What is the base-10 logarithm of the atomic oxygen erosion yield of the polymer Polyvinyl alcohol [MonoSol M1000] represented by SMILES [*]CC([*])O, with no coating, flown on the MISSE 7 mission oriented in the ram direction for a mission time of 1.5 years, subjected to a solar exposure of 2400 equivalent sun hours and an atomic oxygen fluence of 4.220e+21 atom/cm^2?","0.477","0.497"
"What is the base-10 logarithm of the atomic oxygen erosion yield of the polymer Polyethylene oxide [Alkox E-30 powder] represented by SMILES [*]COC[*], with no coating, flown on the MISSE 7 mission oriented in the ram direction for a mission time of 1.5 years, subjected to a solar exposure of 2400 equivalent sun hours and an atomic oxygen fluence of 4.220e+21 atom/cm^2?","0.479","0.439"
"What is the base-10 logarithm of the atomic oxygen erosion yield of the polymer Polyamide-imide [Torlon 4203] represented by SMILES [*]Nc1ccc(Cc2ccc(N3C(=O)c4ccc(C([*])=O)cc4C3=O)cc2)cc1, with no coating, flown on the MISSE 7 mission oriented in the ram direction for a mission time of 1.5 years, subjected to a solar exposure of 2400 equivalent sun hours and an atomic oxygen fluence of 4.220e+21 atom/cm^2?","0.341","0.241"
"What is the base-10 logarithm of the atomic oxygen erosion yield of the polymer Cellulose nitrate; nitrocellulose membrane represented by SMILES [*]OC1C(O[N+](=O)[O-])OC(OC2C(O[N+](=O)[O-])OC([*])C(O[N+](=O)[O-])C2O[N+](=O)[O-])C(O[N+](=O)[O-])C1O[N+](=O)[O-], with no coating, flown on the MISSE 7 mission oriented in the ram direction for a mission time of 1.5 years, subjected to a solar exposure of 2400 equivalent sun hours and an atomic oxygen fluence of 4.220e+21 atom/cm^2?","0.194","0.818"
"What is the base-10 logarithm of the atomic oxygen erosion yield of the polymer Polyoxymethylene (Delrin acetal) represented by SMILES [*]CO[*], with no coating, flown on the MISSE 9 mission oriented in the ram direction for a mission time of 0.77 years, subjected to a solar exposure of 1232 equivalent sun hours and an atomic oxygen fluence of 3.440e+20 atom/cm^2?","0.641","1.401"
